0 203
10 518
20 547
30 892
40 988
50 1274
60 1476
70 1765
80 1962
90 2262
100 2500
110 2717
120 2880
130 3228
140 3433
150 3650
160 3819
170 4032
180 4295
190 4527
200 4789
210 5419
220 5700
230 5468
240 5637
250 6013
260 6653
270 6821
280 7206
290 7397
300 7636
310 7763
320 8103
330 8227
340 8711
350 8481
360 8837
370 9106
380 9300
390 3948
400 4063
410 3951
420 4468
430 4532
440 4456
450 4585
460 4928
470 4760
480 5072
490 5169
500 5272
510 5439
520 5605
530 5195
540 5713
550 5873
560 5711
570 5988
580 6059
590 6326
600 6310
610 6418
620 6509
630 6593
640 6652
650 7032
660 6906
670 7048
680 7093
690 7184
700 6935
710 7089
720 7575
730 7564
740 7255
750 8090
760 7281
770 8049
780 8253
790 8142
800 7937
810 8361
820 8328
830 8375
840 8767
850 8929
860 8954
870 8382
880 9184
890 9150
900 9396
910 9519
920 9611
930 9713
940 9580
950 9796
960 9736
970 10098
980 10204
990 10302
1000 10329
1010 10578
1020 10596
1030 10731
1040 10848
1050 11240
1060 11020
1070 11186
1080 11208
1090 11329
1100 11233
1110 10621
1120 11740
1130 11862
1140 11203
1150 11882
1160 12079
1170 12160
1180 12272
1190 12375
1200 11944
1210 12623
1220 12586
1230 11904
1240 11690
1250 12415
1260 8917
1270 8912
1280 12045
1290 12204
1300 9144
1310 12727
1320 12720
1330 13288
1340 13263
1350 9536
1360 9592
1370 9640
1380 12839
1390 9800
1400 9840
1410 9891
1420 12151
1430 13529
1440 13681
1450 13682
1460 13826
1470 14107
1480 13991
1490 14644
1500 13981
1510 14685
1520 14017
1530 14473
1540 13349
1550 10872
1560 10940
1570 11029
1580 11079
1590 11178
1600 11404
1610 11379
1620 11416
1630 11699
1640 13842
1650 11613
1660 15905
1670 16963
1680 17335
1690 17832
1700 16540
1710 17164
1720 17428
1730 17296
1740 17460
1750 17664
1760 16472
1770 16133
1780 17808
1790 17408
1800 16944
1810 16448
1820 17394
1830 18315
1840 18067
1850 17576
1860 18067
1870 18392
1880 18507
1890 13284
1900 18825
1910 18444
1920 18752
1930 19212
1940 19958
1950 19615
1960 19136
1970 19629
1980 13908
1990 14152
2000 14462
2010 14719
2020 14292
2030 14366
2040 14307
2050 14376
2060 14448
2070 14512
2080 14588
2090 15075
2100 14744
2110 15880
2120 15169
2130 15041
2140 15259
2150 15102
2160 16167
2170 20845
2180 20081
2190 21538
2200 20171
2210 21039
2220 15588
2230 15690
2240 19990
2250 24480
2260 15845
2270 15911
2280 15980
2290 16051
2300 19452
2310 16193
2320 16260
2330 16333
2340 16402
2350 16474
2360 16540
2370 16611
2380 16790
2390 23137
2400 16848
2410 16966
2420 16988
2430 17029
2440 17103
2450 17376
2460 23559
2470 21055
2480 23079
2490 17978
2500 17807
2510 17719
2520 23654
2530 17766
2540 17848
2550 17954
2560 17970
2570 18048
2580 18083
2590 18153
2600 18220
2610 18292
2620 18365
2630 18433
2640 18499
2650 18573
2660 18640
2670 18715
2680 18788
2690 18852
2700 18922
2710 18995
2720 19064
2730 19129
2740 19200
2750 19276
2760 19344
2770 19411
2780 19486
2790 19598
2800 25119
2810 19691
2820 19782
2830 27187
2840 19927
2850 19976
2860 20044
2870 20355
2880 20187
2890 20258
2900 20321
2910 20393
2920 20464
2930 20532
2940 22860
2950 28414
2960 20748
2970 20815
2980 20885
2990 20954
3000 21024
3010 21093
3020 21166
3030 21233
3040 21304
3050 21374
3060 28940
3070 21532
3080 21586
3090 21656
3100 29502
3110 21796
3120 21868
3130 21933
3140 22007
3150 22079
3160 22143
3170 22214
3180 22283
3190 22359
3200 22425
3210 22500
3220 22565
3230 22639
3240 22708
3250 22780
3260 22844
3270 22918
3280 22983
3290 23058
3300 23128
3310 23201
3320 23261
3330 27890
3340 23435
3350 23476
3360 23548
3370 23617
3380 23687
3390 23758
3400 23827
3410 23899
3420 23970
3430 24039
3440 24108
3450 24178
3460 24248
3470 27366
3480 24387
3490 24458
3500 24528
3510 24597
3520 24668
3530 24740
3540 24811
3550 24876
3560 34692
3570 25040
3580 25093
3590 25160
3600 25230
3610 27249
3620 25371
3630 25440
3640 25511
3650 25576
3660 25648
3670 25717
3680 25792
3690 25860
3700 25934
3710 26004
3720 26068
3730 26141
3740 26214
3750 26284
3760 26347
3770 26423
3780 33846
3790 26566
3800 26631
3810 26696
3820 26771
3830 26840
3840 26910
3850 26979
3860 27048
3870 27116
3880 27191
3890 27260
3900 27329
3910 27404
3920 27473
3930 27560
3940 27611
3950 27682
3960 27752
3970 27820
3980 35864
3990 27987
4000 28045
4010 28098
4020 28173
4030 35452
4040 28311
4050 28381
4060 28452
4070 28524
4080 28596
4090 28666
4100 28735
4110 28799
4120 28873
4130 28960
4140 29008
4150 29081
4160 29156
4170 33037
4180 29340
4190 29361
4200 29429
4210 29527
4220 29577
4230 29641
4240 29711
4250 29787
4260 29854
4270 29919
4280 29996
4290 30063
4300 41559
4310 30266
4320 30291
4330 30368
4340 30857
4350 30500
4360 30589
4370 30626
4380 30692
4390 30767
4400 30830
4410 30902
4420 30976
4430 31043
4440 31115
4450 31184
4460 31255
4470 31325
4480 31396
4490 31462
4500 31535
4510 33717
4520 31672
4530 40009
4540 31844
4550 34764
4560 31956
4570 32025
4580 32096
4590 32165
4600 32236
4610 32303
4620 32372
4630 32446
4640 32516
4650 32583
4660 39724
4670 32729
4680 32794
4690 32863
4700 39192
4710 33032
4720 33076
4730 33144
4740 33212
4750 33286
4760 33355
4770 33422
4780 33496
4790 33564
4800 33636
4810 33701
4820 33776
4830 33846
4840 33916
4850 33984
4860 34053
4870 36980
4880 34194
4890 34265
4900 34336
4910 34420
4920 34473
4930 34545
4940 34613
4950 34685
4960 34752
4970 34824
4980 40000
4990 34989
5000 35038
5010 35105
5020 42981
5030 45304
5040 45393
5050 45483
5060 35461
5070 45661
5080 35594
5090 45842
5100 35738
5110 35803
5120 35873
5130 35947
5140 36013
5150 36088
5160 36156
5170 36288
5180 36325
5190 36366
5200 36436
5210 39520
5220 50792
5230 56504
5240 36728
5250 36785
5260 36855
5270 36926
5280 36992
5290 37061
5300 37135
5310 37207
5320 37397
5330 37527
5340 37416
5350 37485
5360 37618
5370 52403
5380 54582
5390 37804
5400 56141
5410 37942
5420 37972
5430 38045
5440 38116
5450 40696
5460 40876
5470 49263
5480 38396
5490 38465
5500 38535
5510 38605
5520 38674
5530 38743
5540 38816
5550 38882
5560 38955
5570 39024
5580 39096
5590 39163
5600 39260
5610 39306
5620 39376
5630 39445
5640 39512
5650 39583
5660 50973
5670 51064
5680 39796
5690 39862
5700 39932
5710 51424
5720 40072
5730 40145
5740 40248
5750 40285
5760 40356
5770 40425
5780 40496
5790 40564
5800 40636
5810 40704
5820 40775
5830 40847
5840 40915
5850 40982
5860 41056
5870 43104
5880 41200
5890 41263
5900 41336
5910 41406
5920 41472
5930 41542
5940 41616
5950 41686
5960 41752
5970 41824
5980 41893
5990 41965
6000 46722
6010 42106
6020 42176
6030 42275
6040 54393
6050 42466
6060 42463
6070 42522
6080 42615
6090 42666
6100 42736
6110 42805
6120 42875
6130 42992
6140 43015
6150 43085
6160 43151
6170 43226
6180 43298
6190 43363
6200 43436
6210 43505
6220 43575
6230 46282
6240 43716
6250 43804
6260 43876
6270 43924
6280 43996
6290 44065
6300 44139
6310 44205
6320 44276
6330 44343
6340 44433
6350 44484
6360 51142
6370 44641
6380 44696
6390 44763
6400 44835
6410 44902
6420 44971
6430 45046
6440 45112
6450 45186
6460 45253
6470 45323
6480 45420
6490 45466
6500 45532
6510 45606
6520 45676
6530 45742
6540 45814
6550 45883
6560 45952
6570 46026
6580 46094
6590 51329
6600 46236
6610 59520
6620 46384
6630 46442
6640 46513
6650 46585
6660 59971
6670 46725
6680 60155
6690 46865
6700 48142
6710 47008
6720 60510
6730 47146
6740 47211
6750 47285
6760 47365
6770 47426
6780 47496
6790 61141
6800 50842
6810 47801
6820 67335
6830 63340
6840 47933
6850 47986
6860 48053
6870 48128
6880 48194
6890 48264
6900 50028
6910 48404
6920 48484
6930 48544
6940 48611
6950 48685
6960 48760
6970 48823
6980 48896
6990 48963
7000 49035
7010 49106
7020 65344
7030 49304
7040 49315
7050 49384
7060 49455
7070 49522
7080 49595
7090 49672
7100 49732
7110 49805
7120 49875
7130 50052
7140 50015
7150 50089
7160 50156
7170 50227
7180 50295
7190 52587
7200 50457
7210 50508
7220 50576
7230 50644
7240 50751
7250 50788
7260 50857
7270 50927
7280 50995
7290 51067
7300 51135
7310 58112
7320 51279
7330 51348
7340 55252
7350 51504
7360 51558
7370 51626
7380 51695
7390 51768
7400 51836
7410 51908
7420 51978
7430 52045
7440 52119
7450 52192
7460 52258
7470 52328
7480 52396
7490 52468
7500 52534
7510 52605
7520 52677
7530 52745
7540 52818
7550 52918
7560 52958
7570 53023
7580 53093
7590 53167
7600 53236
7610 53307
7620 53374
7630 53445
7640 53516
7650 53609
7660 53659
7670 53723
7680 56159
7690 53865
7700 53935
7710 54006
7720 69511
7730 54146
7740 54214
7750 54295
7760 54373
7770 54427
7780 54496
7790 54564
7800 54636
7810 57381
7820 66743
7830 61940
7840 72184
7850 59070
7860 70793
7870 55151
7880 55220
7890 55288
7900 55352
7910 55426
7920 76425
7930 65105
7940 55640
7950 55686
7960 55754
7970 55825
7980 55894
7990 55966
8000 56071
8010 56132
8020 56179
8030 56248
8040 56315
8050 56384
8060 56456
8070 56526
8080 56592
8090 56666
8100 63684
8110 56808
8120 56877
8130 56945
8140 57011
8150 58202
8160 57156
8170 57225
8180 57296
8190 57369
8200 57436
8210 57738
8220 57576
8230 57642
8240 57715
8250 57784
8260 57856
8270 57926
8280 57993
8290 58065
8300 62276
8310 75284
8320 62256
8330 58371
8340 58416
8350 58484
8360 58556
8370 58625
8380 58692
8390 58766
8400 58865
8410 58905
8420 58977
8430 59042
8440 59117
8450 59184
8460 59256
8470 59329
8480 82153
8490 59469
8500 59535
8510 59602
8520 59677
8530 59746
8540 59817
8550 59885
8560 62662
8570 60060
8580 60100
8590 60167
8600 60236
8610 60308
8620 60378
8630 60446
8640 60517
8650 60586
8660 60685
8670 60728
8680 60798
8690 60868
8700 60937
8710 61006
8720 61076
8730 61146
8740 61215
8750 78819
8760 61357
8770 62817
8780 61498
8790 61567
8800 61636
8810 61705
8820 61777
8830 61876
8840 61916
8850 61984
8860 62056
8870 62126
8880 62196
8890 62264
8900 62336
8910 62406
8920 62510
8930 62548
8940 62618
8950 62685
8960 62756
8970 62826
8980 62899
8990 62966
9000 63074
9010 63108
9020 63176
9030 63246
9040 63315
9050 63384
9060 63457
9070 63522
9080 72917
9090 69714
9100 63743
9110 63806
9120 63878
9130 63948
9140 64018
9150 64087
9160 64156
9170 64257
9180 64304
9190 64367
9200 64442
9210 64504
9220 64581
9230 64645
9240 64717
9250 64820
9260 64860
9270 64924
9280 64996
9290 65064
9300 65136
9310 65203
9320 65275
9330 65372
9340 65419
9350 65484
9360 65557
9370 70867
9380 68381
9390 87181
9400 65835
9410 65947
9420 65980
9430 66044
9440 66114
9450 66186
9460 66252
9470 66326
9480 66394
9490 66557
9500 67059
9510 72364
9520 66693
9530 66747
9540 66815
9550 66884
9560 66955
9570 91144
9580 67237
9590 67184
9600 67240
9610 67307
9620 67377
9630 79001
9640 83326
9650 67620
9660 67657
9670 67733
9680 67792
9690 67873
9700 67938
9710 68006
9720 68113
9730 68152
9740 69441
9750 68285
9760 68360
9770 68426
9780 68499
9790 68563
9800 68664
9810 68705
9820 68775
9830 68844
9840 68918
9850 83623
9860 69056
9870 69151
9880 69200
9890 69268
9900 69333
9910 69407
9920 69477
9930 69544
9940 70719
9950 69723
9960 69757
9970 69823
9980 69896
9990 69963
10000 70041
