0 731
10 1999
20 2968
30 5116
40 6131
50 8025
60 9579
70 11696
80 13551
90 15412
100 17683
110 19480
120 21572
130 22438
140 26108
150 26695
160 27734
170 29911
180 43118
190 33476
200 38946
210 51619
220 40327
230 41306
240 43533
250 47946
260 66828
270 57902
280 61784
290 62261
300 66384
310 67749
320 70098
330 71582
340 73961
350 68373
360 71789
370 82370
380 94391
390 32624
400 34244
410 35572
420 39424
430 40173
440 37615
450 40324
460 39910
470 44200
480 45181
490 47208
500 48244
510 48866
520 48226
530 47104
540 60988
550 49304
560 52848
570 55034
580 55745
590 56818
600 58484
610 58928
620 59623
630 60721
640 65436
650 62458
660 64007
670 64540
680 65858
690 60773
700 60003
710 64532
720 69976
730 72448
740 72242
750 71856
760 72360
770 75699
780 77193
790 76100
800 75848
810 77889
820 85298
830 77536
840 83408
850 84553
860 81513
870 84712
880 83616
890 87294
900 84945
910 90296
920 91022
930 86759
940 94429
950 88866
960 95067
970 102400
980 98908
990 99516
1000 101524
1010 102098
1020 103000
1030 103263
1040 105100
1050 106486
1060 106344
1070 108404
1080 108529
1090 114268
1100 103909
1110 108627
1120 112668
1130 106682
1140 110585
1150 110069
1160 114920
1170 113179
1180 119373
1190 120631
1200 121724
1210 118898
1220 107364
1230 106264
1240 108904
1250 78624
1260 76024
1270 95128
1280 97488
1290 98684
1300 84748
1310 111618
1320 116734
1330 129421
1340 99263
1350 80179
1360 81364
1370 87979
1380 110568
1390 102052
1400 83512
1410 88104
1420 99877
1430 122306
1440 118631
1450 138861
1460 127506
1470 130653
1480 128920
1490 138544
1500 150728
1510 135496
1520 131541
1530 131034
1540 100800
1550 131424
1560 102745
1570 103437
1580 104720
1590 104739
1600 106052
1610 114004
1620 106840
1630 108484
1640 130936
1650 116972
1660 167856
1670 167375
1680 170127
1690 164976
1700 161627
1710 168336
1720 171008
1730 166027
1740 180167
1750 167237
1760 159845
1770 163470
1780 167397
1790 163281
1800 165438
1810 170456
1820 172583
1830 171511
1840 164280
1850 170517
1860 162095
1870 173499
1880 172032
1890 155758
1900 178268
1910 176967
1920 180304
1930 183585
1940 191452
1950 186372
1960 194727
1970 173265
1980 127588
1990 131689
2000 134884
2010 131564
2020 135576
2030 131886
2040 134097
2050 140705
2060 130772
2070 133925
2080 132564
2090 135488
2100 134782
2110 137192
2120 136304
2130 140649
2140 159494
2150 145192
2160 185475
2170 192628
2180 199783
2190 201663
2200 214776
2210 188864
2220 141453
2230 155699
2240 142049
2250 153354
2260 143344
2270 143704
2280 144234
2290 150315
2300 144396
2310 145067
2320 148690
2330 147420
2340 153718
2350 149629
2360 153797
2370 152292
2380 188111
2390 216996
2400 155198
2410 184084
2420 155604
2430 155303
2440 155996
2450 177748
2460 231288
2470 169486
2480 209423
2490 177044
2500 195020
2510 169856
2520 229307
2530 174824
2540 173211
2550 162724
2560 161694
2570 161904
2580 162371
2590 168263
2600 164592
2610 165278
2620 166030
2630 166225
2640 166857
2650 167427
2660 167630
2670 168723
2680 167474
2690 167788
2700 168931
2710 170190
2720 171651
2730 171855
2740 174110
2750 173571
2760 173556
2770 181640
2780 184693
2790 175525
2800 175806
2810 175847
2820 212432
2830 226868
2840 193344
2850 180672
2860 181751
2870 202622
2880 199204
2890 184806
2900 186098
2910 187585
2920 188162
2930 210408
2940 231860
2950 198643
2960 190336
2970 194015
2980 192518
2990 192914
3000 193526
3010 211896
3020 193895
3030 194152
3040 194356
3050 234686
3060 203125
3070 198358
3080 196945
3090 263466
3100 200711
3110 205113
3120 215747
3130 220143
3140 217613
3150 218392
3160 219216
3170 220182
3180 220829
3190 223350
3200 222243
3210 220997
3220 223979
3230 225684
3240 227024
3250 226861
3260 227904
3270 223103
3280 218143
3290 225280
3300 230126
3310 229258
3320 229334
3330 282449
3340 229708
3350 233405
3360 230228
3370 230830
3380 231704
3390 231950
3400 239421
3410 232985
3420 231000
3430 231617
3440 231940
3450 232569
3460 231046
3470 231732
3480 232268
3490 232014
3500 232216
3510 232404
3520 234055
3530 233814
3540 233901
3550 244410
3560 264823
3570 235788
3580 233348
3590 233820
3600 234579
3610 235737
3620 236548
3630 237591
3640 238448
3650 239464
3660 240492
3670 241408
3680 243072
3690 242235
3700 243145
3710 244401
3720 245135
3730 247318
3740 246858
3750 247336
3760 257984
3770 292588
3780 253393
3790 250675
3800 250833
3810 251344
3820 257208
3830 253796
3840 252808
3850 254540
3860 255835
3870 257636
3880 263160
3890 259291
3900 264697
3910 263913
3920 267162
3930 266831
3940 265360
3950 266564
3960 267093
3970 272448
3980 310374
3990 284474
4000 268668
4010 269101
4020 284448
4030 270101
4040 271592
4050 272672
4060 275207
4070 275440
4080 273749
4090 274619
4100 274675
4110 275337
4120 276356
4130 277055
4140 278512
4150 279222
4160 282589
4170 330673
4180 283540
4190 282116
4200 312324
4210 284521
4220 285284
4230 286113
4240 291266
4250 290176
4260 287431
4270 288231
4280 286944
4290 312292
4300 316776
4310 286596
4320 293444
4330 287486
4340 288075
4350 353376
4360 289250
4370 290621
4380 298218
4390 293517
4400 294757
4410 296209
4420 299549
4430 301060
4440 297882
4450 298382
4460 302784
4470 299648
4480 298689
4490 300088
4500 307972
4510 301832
4520 308953
4530 343836
4540 303118
4550 303601
4560 303956
4570 304070
4580 310472
4590 305054
4600 303779
4610 303753
4620 306026
4630 308635
4640 308172
4650 309588
4660 315875
4670 314624
4680 313595
4690 315968
4700 366804
4710 320070
4720 318217
4730 319665
4740 322573
4750 323862
4760 323337
4770 324500
4780 325102
4790 326984
4800 327123
4810 327016
4820 327444
4830 328164
4840 327308
4850 327793
4860 374288
4870 327354
4880 328383
4890 329357
4900 342242
4910 331624
4920 340331
4930 334796
4940 336730
4950 335675
4960 336324
4970 336318
4980 495904
4990 336931
5000 337032
5010 379183
5020 339270
5030 339172
5040 339236
5050 342576
5060 339893
5070 340548
5080 340153
5090 341600
5100 340308
5110 340410
5120 341358
5130 341024
5140 341931
5150 342624
5160 344188
5170 391013
5180 345208
5190 345792
5200 371277
5210 467532
5220 507150
5230 368411
5240 350493
5250 351290
5260 355128
5270 350869
5280 351568
5290 352215
5300 355956
5310 372165
5320 356005
5330 361252
5340 355317
5350 358569
5360 372308
5370 515778
5380 502367
5390 367264
5400 379828
5410 359954
5420 361248
5430 366513
5440 364957
5450 375372
5460 374023
5470 364251
5480 364701
5490 365010
5500 376931
5510 365535
5520 365986
5530 371736
5540 368389
5550 369600
5560 370700
5570 371941
5580 370806
5590 440191
5600 375324
5610 372284
5620 372928
5630 373329
5640 374273
5650 375376
5660 376529
5670 378546
5680 378379
5690 380230
5700 382588
5710 382293
5720 383637
5730 407665
5740 386088
5750 387578
5760 388405
5770 394438
5780 389574
5790 394289
5800 394824
5810 397707
5820 396224
5830 397343
5840 396406
5850 397758
5860 417690
5870 403004
5880 400157
5890 399024
5900 400212
5910 399448
5920 400765
5930 403701
5940 406414
5950 405280
5960 407177
5970 406447
5980 407514
5990 417140
6000 431780
6010 428881
6020 450966
6030 427325
6040 430508
6050 437877
6060 429321
6070 430835
6080 436166
6090 436604
6100 436776
6110 444432
6120 471350
6130 447917
6140 453938
6150 446734
6160 447371
6170 450192
6180 448855
6190 449584
6200 451715
6210 451212
6220 452091
6230 453074
6240 475260
6250 478324
6260 456392
6270 457012
6280 459210
6290 464665
6300 459427
6310 461228
6320 460886
6330 454759
6340 439216
6350 440460
6360 457837
6370 470472
6380 469630
6390 469547
6400 469228
6410 463996
6420 458187
6430 468188
6440 471956
6450 474395
6460 474072
6470 478635
6480 477168
6490 475904
6500 478095
6510 481829
6520 479459
6530 479899
6540 483459
6550 478377
6560 483139
6570 470210
6580 495240
6590 481808
6600 479293
6610 482280
6620 474388
6630 481762
6640 485170
6650 482634
6660 491073
6670 485127
6680 486040
6690 504852
6700 489667
6710 485886
6720 489252
6730 488417
6740 490150
6750 499219
6760 487392
6770 489579
6780 487963
6790 487505
6800 503832
6810 513198
6820 709111
6830 526913
6840 492154
6850 488177
6860 489301
6870 492667
6880 489993
6890 490488
6900 491113
6910 500940
6920 490062
6930 488932
6940 489676
6950 499572
6960 491368
6970 494438
6980 493652
6990 493054
7000 494565
7010 493028
7020 520100
7030 491336
7040 489743
7050 491752
7060 490914
7070 491307
7080 497788
7090 493036
7100 494328
7110 493184
7120 504042
7130 493629
7140 492214
7150 491907
7160 492177
7170 499259
7180 502376
7190 501454
7200 499004
7210 497589
7220 496604
7230 574629
7240 499055
7250 499858
7260 503944
7270 501963
7280 505479
7290 504171
7300 504944
7310 507433
7320 507273
7330 509280
7340 526303
7350 510333
7360 513201
7370 512680
7380 514550
7390 514223
7400 521211
7410 516035
7420 516627
7430 517990
7440 532533
7450 520324
7460 523497
7470 522076
7480 523461
7490 521770
7500 522400
7510 524903
7520 524013
7530 526852
7540 583784
7550 531161
7560 527592
7570 527738
7580 530039
7590 533687
7600 530121
7610 529732
7620 530332
7630 531938
7640 564700
7650 534976
7660 532350
7670 533036
7680 533150
7690 535003
7700 542500
7710 538033
7720 540365
7730 539279
7740 553813
7750 570745
7760 546536
7770 549406
7780 556044
7790 554224
7800 557747
7810 564679
7820 731912
7830 635393
7840 584285
7850 561035
7860 564544
7870 570750
7880 564558
7890 561748
7900 563151
7910 716566
7920 647011
7930 566276
7940 563616
7950 563246
7960 564424
7970 566584
7980 573328
7990 585162
8000 617203
8010 569465
8020 580008
8030 568430
8040 568109
8050 568532
8060 569608
8070 570000
8080 573257
8090 580704
8100 576866
8110 585852
8120 575936
8130 573411
8140 575061
8150 576379
8160 582215
8170 579496
8180 578656
8190 580162
8200 590016
8210 584554
8220 581054
8230 582889
8240 580813
8250 582358
8260 585800
8270 586552
8280 588958
8290 588988
8300 601959
8310 597602
8320 619546
8330 592504
8340 601695
8350 599231
8360 597875
8370 594774
8380 595378
8390 664854
8400 596749
8410 601899
8420 599113
8430 601268
8440 600464
8450 602756
8460 602142
8470 614669
8480 616926
8490 606652
8500 603956
8510 606038
8520 603629
8530 610800
8540 607418
8550 607911
8560 662656
8570 605056
8580 609846
8590 603344
8600 607034
8610 604481
8620 605913
8630 604910
8640 605738
8650 656751
8660 608765
8670 605797
8680 607613
8690 606805
8700 612609
8710 608749
8720 611260
8730 611377
8740 667963
8750 614464
8760 615610
8770 617530
8780 618750
8790 620111
8800 621460
8810 624790
8820 674078
8830 628158
8840 624286
8850 626184
8860 626208
8870 631922
8880 632876
8890 635040
8900 628215
8910 683701
8920 629696
8930 632810
8940 631115
8950 633125
8960 629466
8970 632036
8980 632392
8990 684316
9000 634885
9010 638760
9020 639189
9030 636996
9040 636740
9050 643450
9060 637940
9070 640238
9080 675626
9090 642465
9100 640338
9110 641872
9120 641309
9130 642737
9140 641335
9150 641582
9160 691003
9170 645369
9180 642756
9190 644340
9200 642365
9210 648768
9220 642598
9230 646614
9240 695377
9250 650732
9260 649006
9270 651232
9280 650892
9290 652444
9300 653921
9310 656989
9320 705838
9330 661218
9340 659456
9350 660415
9360 660927
9370 663172
9380 666552
9390 668543
9400 719629
9410 667044
9420 671324
9430 670966
9440 672738
9450 673517
9460 676252
9470 676344
9480 726065
9490 680172
9500 683521
9510 692258
9520 684191
9530 683340
9540 689023
9550 686657
9560 838776
9570 823844
9580 723718
9590 693766
9600 688885
9610 690808
9620 689568
9630 690423
9640 737306
9650 692077
9660 694440
9670 692974
9680 692728
9690 694356
9700 695652
9710 757548
9720 695710
9730 690630
9740 697392
9750 694549
9760 693523
9770 695274
9780 693632
9790 754600
9800 697871
9810 700698
9820 700396
9830 727039
9840 705873
9850 709751
9860 777023
9870 707548
9880 710504
9890 708053
9900 709685
9910 708647
9920 710603
9930 709898
9940 775273
9950 714708
9960 711336
9970 712484
9980 708892
9990 722364
10000 710925
