333
2986
3596
5884
8004
10402
10392
14225
15004
16732
19227
25364
30742
36471
37342
42759
104720
38287
39171
41260
51494
55885
50749
67454
73542
74260
60589
111499
65198
69312
71715
73307
115994
79565
95808
84475
116410
116131
92691
124074
98745
101928
134722
107530
109973
113059
115273
119960
122544
124612
127172
129594
144984
135601
137881
142905
305943
307136
322081
334675
329513
335358
299309
216220
213614
170252
172777
178290
179260
227762
391783
595783
350833
235821
246396
201215
202784
205767
209712
212528
215778
231467
220328
226195
292412
229889
316993
316652
311817
260446
3701250
251748
252562
251897
268584
260554
273931
267844
324999
275072
277044
280629
295798
368725
320069
398195
294944
402779
301088
304654
326521
337198
313288
327882
324591
322956
326484
332946
343673
353049
337664
345087
344052
361653
350601
356024
357732
360239
362708
369486
370937
373192
377850
380231
396836
386052
828674
494192
756039
398771
405300
405392
417700
412405
542875
496657
1172062
535071
465482
439576
438763
437804
438704
539059
447023
580234
492264
457456
552820
482984
470780
518146
621215
497130
480363
498112
484520
1039095
529826
501512
1125183
1094310
505148
644365
510694
514838
522967
521055
1112212
529602
1100457
536871
538283
1197200
688118
555302
549344
554131
574136
558907
781811
567160
569852
579393
803914
1237032
587810
585813
623495
602804
614827
765376
632238
710603
667684
711931
1064154
620640
948701
699136
915776
643865
748378
642336
648757
861754
664920
663134
716856
977882
815355
673667
1423116
674860
1803638
684940
694228
692644
1472456
1518609
700500
712090
706632
709072
711756
714991
721096
1526284
726955
1591936
932973
1553539
738666
744640
1617536
1597470
965685
755009
755508
761993
765507
772753
772592
803888
803165
992672
1890107
787614
1201057
2162174
1033298
903606
812118
1638823
817614
814628
1048901
898631
1041725
1168191
832548
859658
848324
843569
1793092
2255831
1809991
1241007
870741
1066476
880343
916353
2150572
1119286
2481997
908935
892149
893183
894716
913813
954276
911379
912641
913490
934011
977661
925384
929968
993870
931292
939372
1002100
940654
949851
2033684
977473
957412
978025
973325
978076
970523
977967
996602
986932
985293
991599
1009877
1001820
1002071
1002344
1002445
1012868
1010440
1046404
1026779
1088056
1039340
1035388
1090300
1042200
1043888
1094548
1047364
1100159
1061511
1063756
1070108
1063167
1076325
1078120
1093176
1078518
2296528
1082995
1089633
1098557
1316487
1195833
1138354
1116474
1121002
1128911
1125556
1157910
1119509
1123030
1136473
1135924
1145397
1144649
1148235
1159225
1153204
1150199
1162987
1166381
1172208
1177116
1193795
1184987
1186559
1238005
1229490
1198529
1198202
1194774
1316650
1204138
1208134
1212056
1217288
1217022
1225497
1236434
1229545
1257566
1242710
1246379
1247812
1255815
1255373
1266054
1261768
1271202
1293117
1283220
1275994
1303824
1294282
1289436
1282871
1410417
1308837
1294002
1309552
1316609
1342781
1561758
1323000
1318498
1374053
1328142
1442962
1345864
1409295
1346496
1349697
1385320
1356144
1365782
1359536
1389320
1652485
1372395
1366981
1369840
1386175
1392668
1389236
1393114
1425377
1421656
1415264
1411318
1406388
1415507
1471508
1424548
1433454
1435855
1429912
1431360
1436075
1446875
1677865
1441370
1450577
1455540
1453204
1480706
1463529
1478284
1478596
1511772
1486025
1486420
1505344
1491103
1545166
1499802
1505898
1513440
1517701
1509853
1550430
1724331
1537402
1574574
1546982
1546583
1546318
1648661
1617110
1704366
1568098
1563872
1572469
1568528
1572127
1666058
1573520
1591620
1568926
1597202
1594308
1590955
1637398
1956144
1598470
1615714
1619917
1683044
1632611
1660534
1664428
1662035
1638840
1640867
1637501
1628605
1716446
1659133
1660814
1662113
1662712
1668840
2950235
1685758
1687023
1683484
1691449
1715697
1684455
1688230
1728672
1706432
1702928
1711292
1719255
1705069
1733264
1738210
1731958
1759011
1737687
1742962
1736127
1761806
1761837
1747938
1752870
1768120
1762805
1762257
1765210
1778502
1797472
1793635
1802348
1798299
1793485
1796288
1817094
1808413
1840729
1818040
1823779
1818384
1829518
1837193
1837195
1830098
1841908
1839027
1855294
1955492
1846732
1870801
1918663
1876074
2290559
1903715
2345350
2108718
1880002
1910979
4265505
1961176
1923851
1930092
1935137
2049511
1973785
1926728
1950153
2139968
1947769
1940061
2052219
2538582
1950765
2532672
1950423
1967636
2162127
2171756
2007467
2517485
2549619
2511698
2530005
1975937
4906800
2024992
4568422
4663902
2014429
2036179
2017740
2020587
2020242
2020370
2008271
2042098
2022395
2032588
2041056
2041140
2050892
2045788
2064099
2069592
2058270
2059914
2059334
2096677
2076087
2068044
2080628
2082094
2150138
2098370
3581594
2101963
2100533
2106356
2133573
2129834
2345641
2115019
2146854
2258014
2148840
2142988
2129328
2149434
2151107
2849306
2906096
2524233
2754224
2178848
2180149
2186480
2608865
2365119
2907251
2190396
2211524
2218014
2200472
2217813
2208524
2203564
2219399
2228747
2256505
2249300
2228061
2245880
2236953
2242964
2249557
2239305
2304997
2258210
2274004
2938194
2272970
2293925
2372666
2283021
2287122
2299095
2302928
2303249
2324330
3022421
3030912
2293644
2333410
2320677
2365660
2326238
2336106
2325179
2341148
2362840
2339386
2339812
2391306
2388358
2368060
2373424
2370174
2381416
2388656
2394970
2646926
2373280
2391352
2401222
2392424
3165862
2421736
2401024
2420591
2409724
2414766
2579969
2415856
2474185
2451877
2442476
2428625
2437530
2455487
2485104
2465544
2471250
2462864
2491342
2473924
2473010
2470770
2489407
2490360
2522836
2539966
2497500
2618788
2510268
2523344
2511377
2539982
2511437
2517342
2526666
2553532
2549877
2540682
2547366
2556936
2569323
2691225
2572881
2563599
2564598
2576484
2585232
2678808
2790488
2600424
2596486
2731745
2618948
2598961
2615565
2610952
2711968
2640587
2637050
2633927
2640275
2640731
2635895
2675568
2649990
2642202
2643933
2661360
2671842
2671866
2888229
2670050
2673261
2674901
2698124
2752439
2701427
2873525
2684118
2717536
2724917
2730534
2720041
3062756
2754905
2717101
2726192
2942638
2832883
2738860
3408916
2749717
2757192
2749104
2764071
2774475
2779046
2774755
2838751
2816234
2788848
2791783
2798139
2778649
2803667
2808332
2811312
2803802
2796892
2820191
2850096
2834750
2829468
5701288
2844280
3104469
3134603
2857441
2856767
2845223
2857924
2862666
3651160
3041292
2862041
2895950
2884150
2892516
3647928
2877836
2883211
2905926
2898376
2910423
2904767
2927893
2929422
3626026
2962213
2993767
2970536
2924263
3005961
2925870
2938140
2933308
2962728
2949100
2984258
2962423
2971340
2979527
3034375
2983992
2982067
2991843
2982334
3003449
3013660
2998546
2990928
3006003
3032238
3052312
3008968
3033808
3034078
3047400
3067627
3039208
3033436
3042374
3042549
3035417
3062969
3069838
3059417
3062483
3089996
3083592
3075606
3115872
3088780
3094816
3070272
3119388
3125541
3200289
4011576
3151359
3143806
3220171
3337888
3135179
3158988
3433084
3155856
3126428
3155003
3167284
3281693
3154836
3166505
3215595
3419824
3183162
3205646
4258248
3195171
3191008
3889216
3267793
3200911
3230779
3199887
3240543
3565401
3410081
3240471
3288242
3234147
3257542
3251784
3237892
3950721
3249091
3255264
3259621
3260994
3279176
3916218
3269643
3269853
3329792
3310388
3428775
3289135
3291888
3302533
3305437
3319885
3323288
3323965
3324051
3341342
3326670
3528288
3338516
3926847
3755047
3338239
3797898
3365918
3388009
3355505
3382131
3378336
3360814
3360448
3399740
3385089
3411181
3448412
3415177
3431815
3452790
3420436
3454040
3537710
3400011
4161926
3431792
3454188
3438955
3459972
3457658
3456124
3480852
3526806
3471149
3474899
3504875
3464664
3474030
3523217
3479461
3483824
3668864
3601764
4361850
4339029
3610501
3518096
9715986
3482129
3492447
3525937
3534419
