144
2958
10685
23124
42092
62999
74085
103454
129500
161780
201840
241828
361167
407554
498755
574635
633879
672656
684738
721768
798751
1177950
1228979
1281590
1499100
1611276
1656611
1792039
1601162
1770971
2074538
2009605
2536338
2780550
2691453
2590131
3091169
3874335
3445166
3832257
3857137
3550075
4052057
5246922
4421926
4709628
4407939
5440296
6451288
5335350
5229174
5414526
5694128
5885316
6252849
6271478
14686818
14772476
15655361
16370181
17747180
18029975
11372759
10934300
11337493
9565598
9251051
9562172
9822060
10280235
13104158
22675285
29320812
14918482
15909882
13499845
12564128
13258251
13098947
13466126
13685598
14127009
14458380
14815772
15610199
19950883
17326595
19120651
19299890
18981687
31189413
20365883
18123521
18877940
19431659
19484740
20045047
20615849
21248542
23374168
23202210
22799556
24108374
24592856
25314857
25834697
25312376
24897633
26089752
26546575
26621303
26732422
26960668
27629088
28130845
32100624
31513120
33551600
30430637
30902554
31674514
32047593
33001019
33147665
33512859
33882971
34711826
34763897
35748295
36369400
37766635
38117998
37708301
38800974
39748817
39833913
68846331
73272188
89309861
43189785
42863051
43262587
44344448
44679664
62512553
55950157
48867192
81572918
48543583
69048714
68548771
50152966
50610468
51789459
51663776
70354863
52830936
58489803
54385136
55392937
56691184
56505464
62577923
62843075
59618327
65333235
60294120
66240512
91569266
63355586
66408321
139439064
121324817
92441520
71467206
67406743
68207142
68942509
93445925
72268690
75701245
84597098
73308958
107285028
116382005
86874579
76576204
76721884
77191750
83365101
106656941
88651648
81490141
88115729
151324689
111527533
97944320
88817898
114441334
87506772
89389063
103312105
91529749
92081738
120205473
115281419
101778765
114576867
135553191
110421592
108338144
106049656
113769291
120582591
102839504
107555795
144710264
104764268
106532476
108302605
113329351
113764730
113021171
151206115
135079969
197592275
111953943
113575126
184981850
184168117
189834395
117422424
119129900
119971238
131221173
122533747
122628024
137898626
144405390
143607168
155494740
146991484
242189003
152012114
146754477
217420113
225993567
200320150
184476919
137796617
138393062
158918814
144803647
141520963
142884005
199709624
160566113
162588855
174175562
180713718
185185016
152507810
150827053
172917378
204333247
154530024
169351146
179886670
208092390
211491546
178461499
172435075
163814087
218738021
210186629
298396174
254301427
213335928
275131485
212969119
179135615
175152585
227416153
308096933
285341641
254646332
180664950
182512533
185427642
184678118
186650299
196931616
189444226
191233922
191711642
194320327
198029423
194447383
210679392
194606406
195690619
198937677
199090367
199147444
214218764
209116795
202549826
219024301
208610425
217065050
210557890
211759207
211093815
235736804
215216294
226324643
217383543
219976205
220918008
221687453
229492944
224036945
228111521
234761169
250884706
232361038
232758878
236307316
245456339
237420536
269118372
254323422
240146035
241562571
243769247
243987238
247047499
248298574
248191402
255906964
251703321
254037398
273360547
260328056
260260867
307544806
265392948
273499268
265849543
287379421
288530630
285849024
300955489
272918925
286666804
276250810
275715558
278263765
279496525
300955927
289154928
301011985
287352801
289542652
289990261
291219695
292679931
299428894
296200923
304741359
306203745
321578342
355500454
303852871
316518330
327751885
314181813
320228197
312385867
325223520
316420880
314648340
316183743
319744735
327768491
321911979
328396222
325466811
327485746
328492324
330795541
333145726
367348012
345730126
372070348
339767156
339518869
360153928
366011640
347520078
356324096
379853186
359722838
354649524
354568972
357684294
361610721
417167501
370484353
375439821
381158429
371636015
394344382
385884082
393064710
386198297
436636784
377032670
381701001
380995528
384095362
386846784
391584794
402184262
396747591
410810791
393524096
397088622
398051389
400848265
404204860
412708135
407838212
410495123
408235785
412958456
413564834
415691105
416603829
420901588
429602861
431878856
454823654
426526690
431012923
452621451
432653742
450395214
437906666
438817061
440863088
447441045
443863844
446809033
450863958
449595192
501863427
456495256
511722153
478235510
543359482
469163247
479987765
467240282
478449647
515501791
531177527
545129375
485707592
483888408
485963853
486620374
573541622
510632689
494406400
491653865
495156993
498482060
498433272
504907772
513332100
514021593
536391178
527293558
516059969
519358479
519719386
550465127
514856878
521736173
532632222
564948441
550258240
545116658
544836803
561072419
554613083
548137460
548957973
541352201
556486538
556856783
553385245
557245662
555388001
560710183
619712092
565058441
561382464
565169743
573938227
586990388
574734993
615365199
593500821
592072162
580776125
588517775
585491434
587657002
593107454
616348919
640758613
606771494
621128807
612515410
611032630
614093216
613986690
631602961
612277161
620125082
640673900
624699309
625962709
687190707
672264016
630723801
668624743
638746349
660819598
677457561
687960776
663829814
655054084
649633698
647738296
649401337
678645094
681962264
672607112
704984369
690329339
674567770
675875030
673803074
672522224
691411487
693171899
690852280
704238086
711685369
711389344
750865872
906202249
798132801
989840720
754031333
853880680
819357256
883535852
742319075
868937246
752621750
779821175
864043467
838770337
919990197
1015331809
753295661
782167526
973873345
953563819
871935777
910128463
930177027
864986416
944238968
931575466
928908226
1098029148
930519621
917248019
948909491
937632131
918829353
884657787
1016000906
869239413
780319694
797259074
892285404
823774178
814149472
814255741
814027060
823045709
810504094
849121936
816962963
848150300
915612346
863673517
877521279
881268899
858021964
853829530
862978585
838851539
898522331
899779281
879715205
884338817
876838673
852039742
861845461
857558355
907041110
860794145
869738701
872975029
915124492
910799503
926296703
887856623
884113413
883117143
967556776
963634244
963919042
946255139
911805824
952470768
920784342
916131184
944622788
951622883
933032001
928595264
925358496
917397758
925546998
926283498
924722796
933550596
936306308
986462515
993949276
972762024
946509577
966406011
971401401
969680652
968225203
1003363879
998428287
1012404505
1018595759
996008082
992887521
1026778790
1005503307
1024251820
1025680053
1015518029
998976753
1016574051
1036624650
1118347402
1123324460
1006656073
1018981528
1020065338
1029399415
1019830506
1023505824
1024254292
1047424200
1054069407
1062984763
1072992325
1142152805
1106255311
1073589103
1073230063
1087426707
1084726114
1102620340
1102332518
1068523807
1093081598
1092691409
1075589810
1215324203
1181882117
1081280600
1085675302
1098833392
1100232430
1090506722
1102275012
1117829361
1116190406
1119482384
1109716789
1118063085
1114554309
1130659930
1153864992
1125216721
1126892368
1146063421
1148167434
1138464808
1142863214
1157729036
1174678436
1149951941
1163496910
1165497564
1166242639
1168192731
1176879761
1212504846
1245579329
1225119140
1221910467
1183992280
1198147538
1198327271
1191875332
1195645260
1203009613
1203606970
1204994484
1215105900
1216647675
1224350158
1231999236
1228733608
1231590607
1278621844
1285571899
1265174264
1303244289
1292726693
1294089125
1322650424
1310299887
1272945445
1306883336
1327988456
1340178331
1315346767
1283797172
1315577435
1335747608
1347679754
1301228703
1299189139
1344972025
1340234864
1318005577
1327277112
1321260290
1315622513
1309313463
1336464465
1344655489
1358349303
1352342723
1346017450
1349134481
1363066270
1356098562
1355725576
1373045738
1407533914
1394624934
1441190004
1412575276
1445161803
1410864954
1445415813
1435680808
1431731656
1402167721
1403944011
1417413394
1424461782
1424946649
1440883310
1415261431
1450533127
1694062879
1610436013
1463010646
1446986491
1471436546
1430103539
1451401616
1450865616
1464317945
1453027004
1494221833
1493168870
1508605103
1492025606
1456511171
1496719484
1505221486
1471383921
1469642515
1521134265
1525554002
1582899024
1648802046
1598677531
1583578196
1530913863
1535417595
1518617404
1504347075
1523521308
1573458024
1533904431
1532970235
1538173614
1626477669
1607232604
1615001344
1563540076
1571263410
1582370022
1609607147
1579765557
1598598773
1572753426
1620257365
1595137437
1621493137
1620191484
1593104862
1584972807
1599255418
1586010064
1612592718
1601357683
1606098424
1604494261
1610555983
1611421849
1630252360
1619207304
1625682652
1632921132
1632386587
1639883485
1642301809
1649755179
1646911340
1654752309
1663760928
1659845199
1671736331
1667703222
1673261913
1671417767
1686120457
1680707149
1693967278
1688632583
1699276814
1709454380
1728654871
1736429827
1781733754
1755423829
1773131456
1739362180
1815945904
1787636582
1787628336
1791316303
1751954276
1782547840
1775458843
1754326415
1773952474
1761290575
1778670164
1793114762
1838747105
1822242678
1812266929
1797860568
1790555391
1813722567
1842398758
1859427198
1869173465
1841965307
1825559121
1889726790
1879806159
1862361550
1847305942
1887858168
1881027896
1911405164
1911379470
1932438780
1879527860
1990355812
1896913094
1964813324
1922328324
1922432968
1897485088
1903594925
2086291907
1918899483
1889859723
1913927941
1924692583
1919047268
1920435948
1956097162
1934394508
1979540618
1929609554
1938117316
1966118546
1988283854
1951937627
1998743041
2028564369
2008425528
2152047134
2020723096
2141667096
2107076838
2042619649
2040650815
2074536828
2095247140
2007557992
2091261896
2006597040
2055799493
2051878492
2097791026
2035907285
2103059802
2051496476
2032508049
2072176053
2046177934
2122834712
2128399943
2097849516
2070042923
2097891246
2122842648
2096992034
2091452055
2074610064
2171798714
2076663695
2084648485
2106427636
2116521702
2119040883
2124756208
2146926294
2117071961
2127170860
2127942199
2266428184
2232841379
2254149557
2248832433
2250969766
2314925403
2279224881
2262982175
2243970407
2232745897
2204965041
2186382228
2194005133
