1898 396
1899 424
1900 380
1901 355
1902 395
1903 353
1904 417
1905 389
1906 321
1907 395
1908 409
1909 392
1910 349
1911 470
1914 360
1915 355
1916 355
1917 395
1918 375
1919 406
1920 398
1921 319
1922 354
1923 345
1924 403
1925 377
1926 343
1927 377
1928 379
1929 445
1930 406
1931 416
1932 393
1933 364
1934 423
1935 343
1936 408
1937 330
1938 418
1939 352
1940 394
1941 405
1942 408
1944 350
1945 398
1946 361
1947 367
1948 411
1949 410
1950 427
1951 414
1952 373
1953 380
1954 393
1955 399
1956 405
1957 393
1958 426
1959 414
1960 428
1961 419
1962 374
1963 386
1964 440
1965 338
1966 434
1967 435
1968 400
1969 359
1970 353
1971 442
1972 405
1973 392
1974 351
1975 372
1976 354
1977 389
1978 348
1979 401
1980 388
1981 395
1982 351
1983 363
1984 315
1985 398
1986 393
1987 383
1988 359
1989 377
1990 327
1991 390
1992 364
1993 403
1994 379
1995 375
1996 409
1997 422
1998 372
1999 372
2000 465
2001 369
2002 423
2003 354
2004 370
2006 426
2007 388
2008 367
2009 380
2010 391
2011 375
2012 395
