1881 558
1883 400
1884 498
1885 583
1886 575
1887 532
1888 541
1889 554
1890 496
1891 549
1892 635
1893 662
1894 481
1895 576
1896 528
1897 526
1898 527
1899 542
1900 618
1901 562
1902 517
1903 285
1904 473
1905 551
1906 508
1907 571
1908 538
1909 513
1910 568
1911 568
1912 571
1913 498
1914 559
1915 583
1916 565
1917 614
1918 577
1919 599
1920 583
1921 573
1922 509
1923 475
1924 568
1925 515
1926 573
1927 561
1928 462
1929 615
1930 496
1931 557
1932 531
1933 571
1934 467
1935 554
1936 596
1937 531
1938 538
1939 566
1940 678
1941 627
1942 597
1943 553
1944 507
1945 580
1946 596
1947 553
1948 541
1949 478
1950 569
1951 526
1952 544
1953 567
1954 561
1955 571
1956 665
1957 539
1958 568
1959 519
1960 553
1961 559
1962 497
1963 594
1964 542
1965 529
1966 616
1967 587
1968 612
1969 591
1970 600
1971 515
1972 578
1973 562
1974 465
1975 482
1976 570
1977 573
1978 625
1979 597
1980 561
1981 515
1982 560
1983 481
1984 505
1985 633
1986 573
1987 626
1988 516
1989 545
1990 503
1991 496
1992 500
1993 464
1994 577
1995 529
1996 555
1997 527
1998 573
1999 614
2000 500
2001 563
2002 577
2003 604
2004 498
2005 473
2006 621
2007 556
2008 451
2009 432
2010 625
2011 583
2012 550
2013 424
