1885 398
1886 653
1888 706
1889 631
1892 708
1893 707
1895 663
1896 720
1897 641
1898 697
1899 681
1900 685
1901 698
1902 727
1903 626
1904 678
1905 615
1906 679
1907 722
1908 639
1909 572
1910 647
1911 734
1912 702
1913 679
1914 613
1915 854
1916 657
1917 654
1918 646
1919 744
1920 724
1921 670
1922 697
1923 602
1924 698
1925 699
1926 590
1927 728
1928 682
1929 746
1930 678
1931 713
1932 696
1933 677
1934 626
1935 671
1936 658
1937 655
1939 628
1940 765
1941 657
1942 674
1943 674
1944 604
1945 691
1946 681
1947 659
1948 679
1949 672
1950 694
1951 738
1952 661
1953 661
1954 687
1955 687
1956 722
1957 677
1958 731
1959 626
1960 646
1961 617
1962 598
1963 668
1964 665
1965 630
1966 695
1967 641
1968 724
1969 730
1970 670
1971 666
1972 717
1973 749
1974 690
1975 588
1976 656
1977 682
1978 773
1979 739
1980 647
1981 552
1982 639
1983 575
1984 688
1985 612
1986 614
1987 696
1988 610
1989 692
1990 659
1991 670
1992 566
1993 586
1994 598
1995 640
1996 595
1997 636
1998 675
1999 626
2000 660
2001 670
2002 635
2003 619
2004 626
2005 584
2006 690
2007 606
2008 605
2009 657
2010 665
2011 620
2012 667
2013 347
